%YAML:1.0
camera0board0: !!opencv-matrix
   rows: 4
   cols: 4
   dt: d
   data: [ 9.6586657903778095e-001, 1.8827786938171998e-004,
       -2.5903998928601341e-001, -1.2653958050910916e-001,
       1.9343185183162320e-001, 6.6460779379063639e-001,
       7.2172058244845139e-001, -1.0794416819446657e-002,
       1.7229587979647976e-001, -7.4719237481667777e-001,
       6.4188603725347548e-001, 5.9528669598419870e-001, 0., 0., 0., 1. ]
camera0board1: !!opencv-matrix
   rows: 4
   cols: 4
   dt: d
   data: [ 1.7092019450523632e-004, -9.9999996094771459e-001,
       -2.2111276839625882e-004, -4.8812038185104281e-002,
       8.3531969583179877e-001, 2.1213055184224339e-005,
       5.4976449985923759e-001, -1.7250391108526061e-001,
       -5.4976447369920001e-001, -2.7866570568924054e-004,
       8.3531966683639525e-001, 7.7756896363772166e-001, 0., 0., 0., 1. ]
camera0board2: !!opencv-matrix
   rows: 4
   cols: 4
   dt: d
   data: [ 1.7795074702123270e-004, -9.6596628158442588e-001,
       2.5866795544769167e-001, 1.2435395642800358e-001,
       6.6457906531224054e-001, 1.9339557767576071e-001,
       7.2175675714479270e-001, -1.7576762169893301e-001,
       -7.4721792957760336e-001, 1.7177687090355359e-001,
       6.4199538342603635e-001, 7.8158526157375474e-001, 0., 0., 0., 1. ]
camera0board3: !!opencv-matrix
   rows: 4
   cols: 4
   dt: d
   data: [ 2.3352447393581999e-004, -9.9999996394019797e-001,
       -1.3261192502211916e-004, 1.2981422994607741e-001,
       4.4829606254284388e-001, -1.3851727238889389e-005,
       8.9388513810036696e-001, 1.2869765404729189e-002,
       -8.9388510770395002e-001, -2.6819346046763615e-004,
       4.4829604314265936e-001, 6.0489569748382532e-001, 0., 0., 0., 1. ]
camera1board0: !!opencv-matrix
   rows: 4
   cols: 4
   dt: d
   data: [ 9.6563631483218770e-001, 2.2354682236189014e-002,
       -2.5893392141515736e-001, -1.2655675141810099e-001,
       1.7918958084989334e-001, 6.6437067983002718e-001,
       7.2560505366006578e-001, -8.9265677714946996e-003,
       1.8824877580518662e-001, -7.4706885088611896e-001,
       6.3753472881368756e-001, 5.9332456087155772e-001, 0., 0., 0., 1. ]
camera1board1: !!opencv-matrix
   rows: 4
   cols: 4
   dt: d
   data: [ 2.1524695435484811e-002, -9.9975131094574698e-001,
       -5.8312733317993914e-003, -5.4245260843269319e-002,
       8.3511292459594122e-001, 1.4772723767169482e-002,
       5.4988014130837004e-001, -1.7170628213135875e-001,
       -5.4965724834593388e-001, -1.6705774293921283e-002,
       8.3522321953236978e-001, 7.7677461189332908e-001, 0., 0., 0., 1. ]
camera1board2: !!opencv-matrix
   rows: 4
   cols: 4
   dt: d
   data: [ 2.2518737151795150e-002, -9.6570895546551638e-001,
       2.5864864161790890e-001, 1.1873418895792892e-001,
       6.6423164060930995e-001, 2.0780916740401498e-001,
       7.1806105419825861e-001, -1.7753144453306721e-001,
       -7.4718754947506494e-001, 1.5563278342480152e-001,
       6.4613404385846740e-001, 7.8364083271752316e-001, 0., 0., 0., 1. ]
camera1board3: !!opencv-matrix
   rows: 4
   cols: 4
   dt: d
   data: [ 2.1739058285205393e-002, -9.9974776372000984e-001,
       5.6411241532001721e-003, 1.2993105046524353e-001,
       4.4835855211517023e-001, 1.4792273575499337e-002,
       8.9373138995318713e-001, 1.0942368140474610e-002,
       -8.9358940352382243e-001, -1.6899632519879138e-002,
       4.4856702991931147e-001, 6.0718395968642369e-001, 0., 0., 0., 1. ]
camera2board0: !!opencv-matrix
   rows: 4
   cols: 4
   dt: d
   data: [ 9.6491523031638482e-001, 4.4605990129086184e-002,
       -2.5874486265060803e-001, -1.2650660189081406e-001,
       1.6498196190407427e-001, 6.6361361198656477e-001,
       7.2965603282123803e-001, -7.0685400450337813e-003,
       2.0425364268418991e-001, -7.4674445403414214e-001,
       6.3297169748693372e-001, 5.9145007144405626e-001, 0., 0., 0., 1. ]
camera2board1: !!opencv-matrix
   rows: 4
   cols: 4
   dt: d
   data: [ 4.3011361602022541e-002, -9.9900717749423784e-001,
       -1.1605261226552921e-002, -5.9656159001424520e-002,
       8.3441109142285852e-001, 2.9531511745151853e-002,
       5.5035081568446886e-001, -1.7079934614299155e-001,
       -5.4946169410037515e-001, -3.3354896627668218e-002,
       8.3485285984256141e-001, 7.7610726288804344e-001, 0., 0., 0., 1. ]
camera2board2: !!opencv-matrix
   rows: 4
   cols: 4
   dt: d
   data: [ 4.4658939983063743e-002, -9.6501193536428798e-001,
       2.5837481240256410e-001, 1.1308189901999109e-001,
       6.6347230842869054e-001, 2.2200763074711424e-001,
       7.1450479903101927e-001, -1.7916785951241299e-001,
       -7.4686683888621908e-001, 1.3951550628702170e-001,
       6.5017332187469989e-001, 7.8585145293081182e-001, 0., 0., 0., 1. ]
camera2board3: !!opencv-matrix
   rows: 4
   cols: 4
   dt: d
   data: [ 4.3126108675316105e-002, -9.9900528598739602e-001,
       1.1339193964553129e-002, 1.2997879005615212e-001,
       4.4755855097722697e-001, 2.9465389084933485e-002,
       8.9376906093981467e-001, 9.0254954191793021e-003,
       -8.9321413009294104e-001, -3.3469828432700743e-002,
       4.4838408578694633e-001, 6.0956366544334883e-001, 0., 0., 0., 1. ]
camera3board0: !!opencv-matrix
   rows: 4
   cols: 4
   dt: d
   data: [ 9.6371392504913200e-001, 6.6686330532457760e-002,
       -2.5847321715510801e-001, -1.2639250404498384e-001,
       1.5098990136108534e-001, 6.6232511922830950e-001,
       7.3384432008851519e-001, -5.2197716540439256e-003,
       2.2013068925837112e-001, -7.4624283565024685e-001,
       6.2822297784091996e-001, 5.8977625066847161e-001, 0., 0., 0., 1. ]
camera3board1: !!opencv-matrix
   rows: 4
   cols: 4
   dt: d
   data: [ 6.4347837565709082e-002, -9.9777871610750346e-001,
       -1.7233382821704279e-002, -6.5029487117003043e-002,
       8.3335349363500566e-001, 4.4227693024648018e-002,
       5.5096811687796254e-001, -1.6979469260029853e-001,
       -5.4898206750944778e-001, -4.9815106670364484e-002,
       8.3434833534949460e-001, 7.7563385384503947e-001, 0., 0., 0., 1. ]
camera3board2: !!opencv-matrix
   rows: 4
   cols: 4
   dt: d
   data: [ 6.6747099631206105e-002, -9.6382406248703645e-001,
       2.5804650988108080e-001, 1.0738595295639811e-001,
       6.6229442796894822e-001, 2.3623046463411745e-001,
       7.1102831044905124e-001, -1.8068550720584753e-001,
       -7.4626464164671857e-001, 1.2344368817292295e-001,
       6.5410300448641912e-001, 7.8822482889399348e-001, 0., 0., 0., 1. ]
camera3board3: !!opencv-matrix
   rows: 4
   cols: 4
   dt: d
   data: [ 6.4517534800693138e-002, -9.9777427512230121e-001,
       1.6851813178633490e-002, 1.2995402181310442e-001,
       4.4611819066023106e-001, 4.3943997271912755e-002,
       8.9389456037376558e-001, 7.1285481570239392e-003,
       -8.9264553304505090e-001, -5.0153973002468544e-002,
       4.4796041267815678e-001, 6.1205708164340433e-001, 0., 0., 0., 1. ]
camera4board0: !!opencv-matrix
   rows: 4
   cols: 4
   dt: d
   data: [ 8.5705803279160928e-002, -9.9605354764060072e-001,
       -2.3061776099148168e-002, -7.0350489386423395e-002,
       8.3185238322293942e-001, 5.8799445386106070e-002,
       5.5187338923760598e-001, -1.6865391320530682e-001,
       -5.4833942755431109e-001, -6.6482745542432331e-002,
       8.3360897112168275e-001, 7.7521445486025042e-001, 0., 0., 0., 1. ]
camera4board1: !!opencv-matrix
   rows: 4
   cols: 4
   dt: d
   data: [ 9.6202621004543487e-001, 8.8802190700014272e-002,
       -2.5810800474315976e-001, -1.2622519839530552e-001,
       1.3705548312610391e-001, 6.6060434156149395e-001,
       7.3811767249888760e-001, -3.3881053029325967e-003,
       2.3605373483740294e-001, -7.4546366433045086e-001,
       6.2334786390291719e-001, 5.8827046709024888e-001, 0., 0., 0., 1. ]
