%YAML:1.0
camera0board0: !!opencv-matrix
   rows: 4
   cols: 4
   dt: d
   data: [ 9.6586657903778095e-001, 1.8827786938171998e-004,
       -2.5903998928601341e-001, -1.2653958050910916e-001,
       1.9343185183162320e-001, 6.6460779379063639e-001,
       7.2172058244845139e-001, -1.0794416819446657e-002,
       1.7229587979647976e-001, -7.4719237481667777e-001,
       6.4188603725347548e-001, 5.9528669598419870e-001, 0., 0., 0., 1. ]
camera0board1: !!opencv-matrix
   rows: 4
   cols: 4
   dt: d
   data: [ 1.7092019450523632e-004, -9.9999996094771459e-001,
       -2.2111276839625882e-004, -4.8812038185104281e-002,
       8.3531969583179877e-001, 2.1213055184224339e-005,
       5.4976449985923759e-001, -1.7250391108526061e-001,
       -5.4976447369920001e-001, -2.7866570568924054e-004,
       8.3531966683639525e-001, 7.7756896363772166e-001, 0., 0., 0., 1. ]
camera0board2: !!opencv-matrix
   rows: 4
   cols: 4
   dt: d
   data: [ 1.7795074702123270e-004, -9.6596628158442588e-001,
       2.5866795544769167e-001, 1.2435395642800358e-001,
       6.6457906531224054e-001, 1.9339557767576071e-001,
       7.2175675714479270e-001, -1.7576762169893301e-001,
       -7.4721792957760336e-001, 1.7177687090355359e-001,
       6.4199538342603635e-001, 7.8158526157375474e-001, 0., 0., 0., 1. ]
camera0board3: !!opencv-matrix
   rows: 4
   cols: 4
   dt: d
   data: [ 2.3352447393581999e-004, -9.9999996394019797e-001,
       -1.3261192502211916e-004, 1.2981422994607741e-001,
       4.4829606254284388e-001, -1.3851727238889389e-005,
       8.9388513810036696e-001, 1.2869765404729189e-002,
       -8.9388510770395002e-001, -2.6819346046763615e-004,
       4.4829604314265936e-001, 6.0489569748382532e-001, 0., 0., 0., 1. ]
camera1board0: !!opencv-matrix
   rows: 4
   cols: 4
   dt: d
   data: [ 9.6563631483218770e-001, 2.2354682236189014e-002,
       -2.5893392141515736e-001, -1.2655675141810099e-001,
       1.7918958084989334e-001, 6.6437067983002718e-001,
       7.2560505366006578e-001, -8.9265677714946996e-003,
       1.8824877580518662e-001, -7.4706885088611896e-001,
       6.3753472881368756e-001, 5.9332456087155772e-001, 0., 0., 0., 1. ]
camera1board1: !!opencv-matrix
   rows: 4
   cols: 4
   dt: d
   data: [ 2.1524695435484811e-002, -9.9975131094574698e-001,
       -5.8312733317993914e-003, -5.4245260843269319e-002,
       8.3511292459594122e-001, 1.4772723767169482e-002,
       5.4988014130837004e-001, -1.7170628213135875e-001,
       -5.4965724834593388e-001, -1.6705774293921283e-002,
       8.3522321953236978e-001, 7.7677461189332908e-001, 0., 0., 0., 1. ]
camera1board2: !!opencv-matrix
   rows: 4
   cols: 4
   dt: d
   data: [ 2.2518737151795150e-002, -9.6570895546551638e-001,
       2.5864864161790890e-001, 1.1873418895792892e-001,
       6.6423164060930995e-001, 2.0780916740401498e-001,
       7.1806105419825861e-001, -1.7753144453306721e-001,
       -7.4718754947506494e-001, 1.5563278342480152e-001,
       6.4613404385846740e-001, 7.8364083271752316e-001, 0., 0., 0., 1. ]
camera1board3: !!opencv-matrix
   rows: 4
   cols: 4
   dt: d
   data: [ 2.1739058285205393e-002, -9.9974776372000984e-001,
       5.6411241532001721e-003, 1.2993105046524353e-001,
       4.4835855211517023e-001, 1.4792273575499337e-002,
       8.9373138995318713e-001, 1.0942368140474610e-002,
       -8.9358940352382243e-001, -1.6899632519879138e-002,
       4.4856702991931147e-001, 6.0718395968642369e-001, 0., 0., 0., 1. ]
camera2board0: !!opencv-matrix
   rows: 4
   cols: 4
   dt: d
   data: [ 9.6491523031638482e-001, 4.4605990129086184e-002,
       -2.5874486265060803e-001, -1.2650660189081406e-001,
       1.6498196190407427e-001, 6.6361361198656477e-001,
       7.2965603282123803e-001, -7.0685400450337813e-003,
       2.0425364268418991e-001, -7.4674445403414214e-001,
       6.3297169748693372e-001, 5.9145007144405626e-001, 0., 0., 0., 1. ]
camera2board1: !!opencv-matrix
   rows: 4
   cols: 4
   dt: d
   data: [ 4.3011361602022541e-002, -9.9900717749423784e-001,
       -1.1605261226552921e-002, -5.9656159001424520e-002,
       8.3441109142285852e-001, 2.9531511745151853e-002,
       5.5035081568446886e-001, -1.7079934614299155e-001,
       -5.4946169410037515e-001, -3.3354896627668218e-002,
       8.3485285984256141e-001, 7.7610726288804344e-001, 0., 0., 0., 1. ]
camera2board2: !!opencv-matrix
   rows: 4
   cols: 4
   dt: d
   data: [ 4.4658939983063743e-002, -9.6501193536428798e-001,
       2.5837481240256410e-001, 1.1308189901999109e-001,
       6.6347230842869054e-001, 2.2200763074711424e-001,
       7.1450479903101927e-001, -1.7916785951241299e-001,
       -7.4686683888621908e-001, 1.3951550628702170e-001,
       6.5017332187469989e-001, 7.8585145293081182e-001, 0., 0., 0., 1. ]
camera2board3: !!opencv-matrix
   rows: 4
   cols: 4
   dt: d
   data: [ 4.3126108675316105e-002, -9.9900528598739602e-001,
       1.1339193964553129e-002, 1.2997879005615212e-001,
       4.4755855097722697e-001, 2.9465389084933485e-002,
       8.9376906093981467e-001, 9.0254954191793021e-003,
       -8.9321413009294104e-001, -3.3469828432700743e-002,
       4.4838408578694633e-001, 6.0956366544334883e-001, 0., 0., 0., 1. ]
camera3board0: !!opencv-matrix
   rows: 4
   cols: 4
   dt: d
   data: [ 9.6371392504913200e-001, 6.6686330532457760e-002,
       -2.5847321715510801e-001, -1.2639250404498384e-001,
       1.5098990136108534e-001, 6.6232511922830950e-001,
       7.3384432008851519e-001, -5.2197716540439256e-003,
       2.2013068925837112e-001, -7.4624283565024685e-001,
       6.2822297784091996e-001, 5.8977625066847161e-001, 0., 0., 0., 1. ]
camera3board1: !!opencv-matrix
   rows: 4
   cols: 4
   dt: d
   data: [ 6.4347837565709082e-002, -9.9777871610750346e-001,
       -1.7233382821704279e-002, -6.5029487117003043e-002,
       8.3335349363500566e-001, 4.4227693024648018e-002,
       5.5096811687796254e-001, -1.6979469260029853e-001,
       -5.4898206750944778e-001, -4.9815106670364484e-002,
       8.3434833534949460e-001, 7.7563385384503947e-001, 0., 0., 0., 1. ]
camera3board2: !!opencv-matrix
   rows: 4
   cols: 4
   dt: d
   data: [ 6.6747099631206105e-002, -9.6382406248703645e-001,
       2.5804650988108080e-001, 1.0738595295639811e-001,
       6.6229442796894822e-001, 2.3623046463411745e-001,
       7.1102831044905124e-001, -1.8068550720584753e-001,
       -7.4626464164671857e-001, 1.2344368817292295e-001,
       6.5410300448641912e-001, 7.8822482889399348e-001, 0., 0., 0., 1. ]
camera3board3: !!opencv-matrix
   rows: 4
   cols: 4
   dt: d
   data: [ 6.4517534800693138e-002, -9.9777427512230121e-001,
       1.6851813178633490e-002, 1.2995402181310442e-001,
       4.4611819066023106e-001, 4.3943997271912755e-002,
       8.9389456037376558e-001, 7.1285481570239392e-003,
       -8.9264553304505090e-001, -5.0153973002468544e-002,
       4.4796041267815678e-001, 6.1205708164340433e-001, 0., 0., 0., 1. ]
camera4board0: !!opencv-matrix
   rows: 4
   cols: 4
   dt: d
   data: [ 8.5705803279160928e-002, -9.9605354764060072e-001,
       -2.3061776099148168e-002, -7.0350489386423395e-002,
       8.3185238322293942e-001, 5.8799445386106070e-002,
       5.5187338923760598e-001, -1.6865391320530682e-001,
       -5.4833942755431109e-001, -6.6482745542432331e-002,
       8.3360897112168275e-001, 7.7521445486025042e-001, 0., 0., 0., 1. ]
camera4board1: !!opencv-matrix
   rows: 4
   cols: 4
   dt: d
   data: [ 9.6202621004543487e-001, 8.8802190700014272e-002,
       -2.5810800474315976e-001, -1.2622519839530552e-001,
       1.3705548312610391e-001, 6.6060434156149395e-001,
       7.3811767249888760e-001, -3.3881053029325967e-003,
       2.3605373483740294e-001, -7.4546366433045086e-001,
       6.2334786390291719e-001, 5.8827046709024888e-001, 0., 0., 0., 1. ]
camera4board2: !!opencv-matrix
   rows: 4
   cols: 4
   dt: d
   data: [ 8.8728650208516585e-002, -9.6215648116090235e-001,
       2.5764730231897393e-001, 1.0165308997833022e-001,
       6.6044920211765923e-001, 2.5045928780048010e-001,
       7.0786792311604529e-001, -1.8206431181084032e-001,
       -7.4560986987453559e-001, 1.0735478990034109e-001,
       6.5767839483377566e-001, 7.9071657360028424e-001, 0., 0., 0., 1. ]
camera4board3: !!opencv-matrix
   rows: 4
   cols: 4
   dt: d
   data: [ 8.5717663356953577e-002, -9.9605952102938256e-001,
       2.2757696617642764e-002, 1.2988474040212930e-001,
       4.4426345352097368e-001, 5.8657149071434767e-002,
       8.9397389376224456e-001, 5.2235998710064274e-003,
       -8.9178611003661712e-001, -6.6518940381880498e-002,
       4.4754079648254441e-001, 6.1485150989161663e-001, 0., 0., 0., 1. ]
camera5board0: !!opencv-matrix
   rows: 4
   cols: 4
   dt: d
   data: [ 1.0675449067210047e-001, -9.9386908168359012e-001,
       -2.8770248430587897e-002, -7.5618774499653540e-002,
       8.2977232414177438e-001, 7.3111802587156424e-002,
       5.5329246733605086e-001, -1.6740331523260524e-001,
       -5.4779683169008808e-001, -8.2939211449554989e-002,
       8.3249007104855466e-001, 7.7497383182263779e-001, 0., 0., 0., 1. ]
camera5board1: !!opencv-matrix
   rows: 4
   cols: 4
   dt: d
   data: [ 9.5993474042324467e-001, 1.1064866542116127e-001,
       -2.5745323258618030e-001, -1.2599217641895555e-001,
       1.2327294926979120e-001, 6.5832672454927743e-001,
       7.4256966253850387e-001, -1.5621801438515635e-003,
       2.5165268547521086e-001, -7.4455543553501502e-001,
       6.1831070612466255e-001, 5.8696876904904627e-001, 0., 0., 0., 1. ]
camera5board2: !!opencv-matrix
   rows: 4
   cols: 4
   dt: d
   data: [ 1.1063296346588337e-001, -9.6004517409389156e-001,
       2.5704787704586474e-001, 9.5889979161420155e-002,
       6.5817615966309040e-001, 2.6456603250003013e-001,
       7.0484676157186055e-001, -1.8330105402062702e-001,
       -7.4469086891535252e-001, 9.1203498541571559e-002,
       6.6114856999609006e-001, 7.9329395795829716e-001, 0., 0., 0., 1. ]
camera5board3: !!opencv-matrix
   rows: 4
   cols: 4
   dt: d
   data: [ 1.0691633363231418e-001, -9.9386056557701119e-001,
       2.8461795332816897e-002, 1.2973998538970369e-001,
       4.4186032222998928e-001, 7.3138733623505259e-002,
       8.9409741151776068e-001, 3.3378001125791605e-003,
       -8.9068981875927700e-001, -8.3017479092618918e-002,
       4.4696727500307315e-001, 6.1773550747976791e-001, 0., 0., 0., 1. ]
camera6board0: !!opencv-matrix
   rows: 4
   cols: 4
   dt: d
   data: [ 1.2784441480942066e-001, -9.9120368374123324e-001,
       -3.4220796890866378e-002, -8.0824170376665422e-002,
       8.2716846870863803e-001, 8.7522905218520658e-002,
       5.5509644696783689e-001, -1.6603572291560012e-001,
       -5.4721853950340860e-001, -9.9272344587599037e-002,
       8.3108174785867905e-001, 7.7476051463545381e-001, 0., 0., 0., 1. ]
camera6board1: !!opencv-matrix
   rows: 4
   cols: 4
   dt: d
   data: [ 9.5733030591130830e-001, 1.3243496745723815e-001,
       -2.5686507115285484e-001, -1.2570009250609140e-001,
       1.0976502814635947e-001, 6.5558609731513851e-001,
       7.4710006532132944e-001, 2.3170279024419845e-004,
       2.6733934237180623e-001, -7.4341633584533640e-001,
       6.1307571116339632e-001, 5.8579503093386021e-001, 0., 0., 0., 1. ]
camera6board2: !!opencv-matrix
   rows: 4
   cols: 4
   dt: d
   data: [ 1.3241877501044189e-001, -9.5746608802763666e-001,
       2.5636684321843972e-001, 9.0108792137472263e-002,
       6.5552507165919360e-001, 2.7859870840631817e-001,
       7.0190429554216327e-001, -1.8441671818709371e-001,
       -7.4347303142141152e-001, 7.5109586281548568e-002,
       6.6453472565222027e-001, 7.9602610338253754e-001, 0., 0., 0., 1. ]
camera6board3: !!opencv-matrix
   rows: 4
   cols: 4
   dt: d
   data: [ 1.2803216000389483e-001, -9.9118549329831995e-001,
       3.4045320966372805e-002, 1.2953295582393246e-001,
       4.3912994101885272e-001, 8.7435377744689458e-002,
       8.9415879440926072e-001, 1.4718198060618335e-003,
       -8.8925399122270810e-001, -9.9530762046764809e-002,
       4.4645376748424276e-001, 6.2079485498256115e-001, 0., 0., 0., 1. ]
camera7board0: !!opencv-matrix
   rows: 4
   cols: 4
   dt: d
   data: [ 1.4862204804620693e-001, -9.8808391369876813e-001,
       -4.0020823633155900e-002, -8.5974237649526344e-002,
       8.2441519832457810e-001, 1.0145082007041650e-001,
       5.5681892198315830e-001, -1.6458260938318597e-001,
       -5.4612367427717090e-001, -1.1574934382865928e-001,
       8.2966922432812773e-001, 7.7481626409384552e-001, 0., 0., 0., 1. ]
camera7board1: !!opencv-matrix
   rows: 4
   cols: 4
   dt: d
   data: [ 9.5434684332716091e-001, 1.5382129105175432e-001,
       -2.5604904422913821e-001, -1.2533786374053754e-001,
       9.6508459050518441e-002, 6.5244729260210943e-001,
       7.5166391938676425e-001, 1.9956150201525507e-003,
       2.8268042019775286e-001, -7.4205898740959197e-001,
       6.0781595836360947e-001, 5.8479105831063782e-001, 0., 0., 0., 1. ]
camera7board2: !!opencv-matrix
   rows: 4
   cols: 4
   dt: d
   data: [ 1.5393923898993456e-001, -9.5446382485864711e-001,
       2.5554161644515283e-001, 8.4317420102586429e-002,
       6.5224979280969342e-001, 2.9242954807619553e-001,
       6.9932479377730061e-001, -1.8536266830405088e-001,
       -7.4220813689888343e-001, 5.9023439819734513e-002,
       6.6756521409742020e-001, 7.9877149213513132e-001, 0., 0., 0., 1. ]
camera7board3: !!opencv-matrix
   rows: 4
   cols: 4
   dt: d
   data: [ 1.4868796230905088e-001, -9.8809099135321787e-001,
       3.9599023611673723e-002, 1.2927098129622527e-001,
       4.3569477074183488e-001, 1.0140615322019778e-001,
       8.9436394093081706e-001, -3.6262046144399648e-004,
       -8.8772853768063720e-001, -1.1572806442560668e-001,
       4.4558395223762304e-001, 6.2394534539765079e-001, 0., 0., 0., 1. ]
camera8board0: !!opencv-matrix
   rows: 4
   cols: 4
   dt: d
   data: [ 1.6921248500822303e-001, -9.8453384972948466e-001,
       -4.5389796807016158e-002, -9.1032162959179333e-002,
       8.2127041226481490e-001, 1.1539241863078463e-001,
       5.5874815405593836e-001, -1.6303227832797326e-001,
       -5.4486883270721476e-001, -1.3182446077787721e-001,
       8.2809435856362335e-001, 7.7487999095650417e-001, 0., 0., 0., 1. ]
camera8board1: !!opencv-matrix
   rows: 4
   cols: 4
   dt: d
   data: [ 9.5091671806477640e-001, 1.7521085564869451e-001,
       -2.5506577851167517e-001, -1.2493596360783325e-001,
       8.3400380504008692e-002, 6.4865207654981460e-001,
       7.5650172512651948e-001, 3.7442669805657154e-003,
       2.9799626144752417e-001, -7.4064272064907632e-001,
       6.0220145176911777e-001, 5.8400316614258918e-001, 0., 0., 0., 1. ]
camera8board2: !!opencv-matrix
   rows: 4
   cols: 4
   dt: d
   data: [ 1.7520276763452197e-001, -9.5101607495204554e-001,
       2.5470063878209848e-001, 7.8529531133132199e-002,
       6.4863642207910233e-001, 3.0611900651251717e-001,
       6.9682275063620747e-001, -1.8619762231410447e-001,
       -7.4065834374941364e-001, 4.3122836578718349e-002,
       6.7049656136312952e-001, 8.0171931693931930e-001, 0., 0., 0., 1. ]
camera8board3: !!opencv-matrix
   rows: 4
   cols: 4
   dt: d
   data: [ 1.6935643901864911e-001, -9.8451849979710415e-001,
       4.5185397200665001e-002, 1.2894356192842041e-001,
       4.3181770777228490e-001, 1.1533758315913573e-001,
       8.9455615204709127e-001, -2.1759677146215048e-003,
       -8.8591865530488301e-001, -1.3198698976894935e-001,
       4.4466568421064273e-001, 6.2729736142124992e-001, 0., 0., 0., 1. ]
camera9board0: !!opencv-matrix
   rows: 4
   cols: 4
   dt: d
   data: [ 1.8954069510106136e-001, -9.8055487228712945e-001,
       -5.0857323313148795e-002, -9.6008757465867942e-002,
       8.1756785529144527e-001, 1.2892758152412248e-001,
       5.6121340033581468e-001, -1.6136762999645182e-001,
       -5.4374362239455576e-001, -1.4795209074667512e-001,
       8.2610716735114642e-001, 7.7506292557514556e-001, 0., 0., 0., 1. ]
camera9board1: !!opencv-matrix
   rows: 4
   cols: 4
   dt: d
   data: [ 9.4706246219060652e-001, 1.9628960036686710e-001,
       -2.5405331231314698e-001, -1.2447385200276977e-001,
       7.0659186082005221e-002, 6.4447984403659031e-001,
       7.6134946644284229e-001, 5.4534349157302269e-003,
       3.1317722160414918e-001, -7.3899670054634725e-001,
       5.9649300452722653e-001, 5.8337748235826337e-001, 0., 0., 0., 1. ]
camera9board2: !!opencv-matrix
   rows: 4
   cols: 4
   dt: d
   data: [ 1.9634584785542147e-001, -9.4718785218599122e-001,
       2.5354187169227949e-001, 7.2741516234808387e-002,
       6.4450866401608498e-001, 3.1953860125071548e-001,
       6.9462483710196921e-001, -1.8685967908561729e-001,
       -7.3895662256869765e-001, 2.7023230414308375e-002,
       6.7321085476976528e-001, 8.0464458414150275e-001, 0., 0., 0., 1. ]
camera9board3: !!opencv-matrix
   rows: 4
   cols: 4
   dt: d
   data: [ 1.8966566958229050e-001, -9.8054265221512982e-001,
       5.0626484855466725e-002, 1.2856862496435853e-001,
       4.2753568029189448e-001, 1.2889546445367656e-001,
       8.9476209202257695e-001, -3.9545552896413285e-003,
       -8.8387791909247782e-001, -1.4806102265684379e-001,
       4.4366401444174086e-001, 6.3079067339215766e-001, 0., 0., 0., 1. ]
camera10board0: !!opencv-matrix
   rows: 4
   cols: 4
   dt: d
   data: [ 2.0959115479184121e-001, -9.7616944537947048e-001,
       -5.6256215128281079e-002, -1.0091031096643346e-001,
       8.1358836124099909e-001, 1.4219297088273769e-001,
       5.6378642896466258e-001, -1.5963305087712856e-001,
       -5.4235184731519825e-001, -1.6393405057851126e-001,
       8.2400248833041412e-001, 7.7543765723403024e-001, 0., 0., 0., 1. ]
camera10board1: !!opencv-matrix
   rows: 4
   cols: 4
   dt: d
   data: [ 9.4279464998435369e-001, 2.1715048296544120e-001,
       -2.5295042144411534e-001, -1.2396437493935794e-001,
       5.8124408910029443e-002, 6.4006575312770431e-001,
       7.6611838821550571e-001, 7.1216498124753776e-003,
       3.2826788001530033e-001, -7.3699491139419704e-001,
       5.9082882422011207e-001, 5.8293445877277028e-001, 0., 0., 0., 1. ]
camera10board2: !!opencv-matrix
   rows: 4
   cols: 4
   dt: d
   data: [ 2.1724433420998118e-001, -9.4291090990165793e-001,
       2.5243596265605528e-001, 6.6973103332444481e-002,
       6.4003022625430117e-001, 3.3285925809342903e-001,
       6.9250705684661429e-001, -1.8743143838877876e-001,
       -7.3699810633035545e-001, 1.1123411793121041e-002,
       6.7580327091214243e-001, 8.0786607384432385e-001, 0., 0., 0., 1. ]
camera10board3: !!opencv-matrix
   rows: 4
   cols: 4
   dt: d
   data: [ 2.0973528721153245e-001, -9.7615210182165613e-001,
       5.6019491317389036e-002, 1.2813293817595273e-001,
       4.2273807028517901e-001, 1.4219306374434637e-001,
       8.9502718201994258e-001, -5.6926976244706931e-003,
       -8.8164824801610031e-001, -1.6403721142521077e-001,
       4.4247955889281670e-001, 6.3442053901080719e-001, 0., 0., 0., 1. ]
