%YAML:1.0
varname: !!opencv-matrix
   rows: 3
   cols: 3
   dt: d
   data: [ 9.6573356880845518e-001, 5.9797802527158939e-004,
       -2.5953480787510175e-001, 2.0217386458250805e-001,
       6.2530948030477174e-001, 7.5373323020863947e-001,
       1.6274029174196036e-001, -7.8037663744070240e-001,
       6.0376146049618307e-001 ]
varname: !!opencv-matrix
   rows: 3
   cols: 3
   dt: d
   data: [ 1.0870327371473310e-003, -9.9999868888406185e-001,
       -1.2002458021420637e-003, 8.0520655176196609e-001,
       1.6354703295916317e-004, 5.9299442008502234e-001,
       -5.9299344630394724e-001, -1.6110501311877301e-003,
       8.0520567382380159e-001 ]
varname: !!opencv-matrix
   rows: 3
   cols: 3
   dt: d
   data: [ 5.5303296656494805e-004, -9.6613385686689701e-001,
       2.5804081996853162e-001, 6.2503283684053390e-001,
       2.0176023482955713e-001, 7.5407344503874185e-001,
       -7.8059826224865025e-001, 1.6086695825127123e-001,
       6.0397696538640566e-001 ]
varname: !!opencv-matrix
   rows: 3
   cols: 3
   dt: d
   data: [ -5.1577119276086103e-004, -9.9999984043128953e-001,
       2.3047228118239227e-004, 4.0259365505610195e-001,
       3.3232312233733019e-006, 9.1537880076912692e-001,
       -9.1537865546922470e-001, 5.6491269397118682e-004,
       4.0259358910072474e-001 ]
