%YAML:1.0
varname: !!opencv-matrix
   rows: 3
   cols: 1
   dt: d
   data: [ -1.2675796557109664e-001, -1.1340545219978463e-002,
       6.3411977788160134e-001 ]
varname: !!opencv-matrix
   rows: 3
   cols: 1
   dt: d
   data: [ -4.9122964344555160e-002, -1.6339569692884712e-001,
       8.2468689529990979e-001 ]
varname: !!opencv-matrix
   rows: 3
   cols: 1
   dt: d
   data: [ 1.2411246825176628e-001, -1.6649644304024322e-001,
       8.2891768464042881e-001 ]
varname: !!opencv-matrix
   rows: 3
   cols: 1
   dt: d
   data: [ 1.2969178212528121e-001, 1.2765463932066127e-002,
       6.4250569765989107e-001 ]
